444444444444445
422222222222234
420000000000124
420888888889024
420866666678024
420864444568024
420864223468024
420864202468024
420864322468024
420865444468024
420876666668024
420988888888024
421000000000024
432222222222224
544444444444444

544444444444444
532222222222223
531000000000013
531988888888913
531976666667913
531975444457913
531975322357913
531975311357913
531975322357913
531975444457913
531976666667913
531988888888913
531000000000013
532222222222223
544444444444444

533333333333334
531111111111123
531999999999013
531977777778913
531975555567913
531975333457913
531975311357913
531975321357913
531975433357913
531976555557913
531987777777913
531099999999913
532111111111113
543333333333333
655555555555555

433333333333334
421111111111124
420999999999024
420877777778024
420865555568024
420864333468024
420864212468024
420864212468024
420864333468024
420865555568024
420877777778024
420999999999024
421111111111124
433333333333334
555555555555555

